3 212
0
20
67
17
37
28
97
1
17
95
53
51
69
19
75
5
71
76
87
66
26
8
29
41
99
35
19
86
69
93
50
72
25
72
81
44
96
79
58
30
44
31
37
22
60
10
86
71
77
84
34
15
23
16
13
65
29
77
57
70
78
67
25
34
25
85
68
73
84
65
37
16
45
29
40
13
33
73
43
12
37
81
48
100
87
51
92
69
49
90
73
46
19
55
1
96
2
68
89
33
86
96
56
70
53
8
76
74
77
59
29
51
59
4
6
41
80
25
70
57
72
52
19
41
19
46
49
66
12
31
10
35
42
59
21
66
38
3
6
70
58
66
29
86
95
83
98
83
85
88
46
9
34
39
38
54
26
12
47
99
9
52
96
68
62
28
87
19
75
33
51
87
61
8
93
2
47
26
94
60
21
73
84
85
43
64
69
29
45
21
10
33
81
64
77
71
10
52
92
64
97
74
56
73
24
62
72
86
26
25
51
0
