20 1000
0
1207443
7095
933271
406105
684112
867931
139382
669119
846406
463274
301608
1106691
392456
963288
240373
462405
488543
1088919
1088223
51459
802679
1065682
920469
1009550
475208
131407
71808
1053969
507840
1064309
298494
292110
819584
197926
236376
89161
632820
717979
1065189
1137264
958415
1002550
840479
966207
449311
558490
289003
519661
1173404
127421
967078
213509
467983
263559
330069
437288
32689
411721
662941
1070291
527089
664645
585161
645130
474224
31639
432768
39428
129709
716572
535979
943365
975699
911032
668589
333375
597037
729216
591247
517129
255203
114923
243371
930041
939391
1056301
211584
502164
266407
348472
376138
202491
1075385
541875
639020
991250
15477
1213299
479961
988461
1038154
644657
672423
762806
618219
1142767
209152
654769
299367
128858
1167227
847329
488049
142397
982916
983185
189725
209357
786384
520906
390963
1150666
840003
467588
49335
1233185
1075306
893002
562232
626009
861998
403952
270936
265162
773096
895856
129266
1146670
270428
505384
119813
402271
978428
266382
919497
659903
321746
427448
708922
1221692
508289
95547
930607
1069531
278570
1083324
167212
948871
778954
453688
22601
531304
130514
1001086
936372
19521
774149
1228737
673095
966666
590516
275194
937555
448480
590634
508327
896841
931568
258459
126844
758315
266516
396063
387758
490477
672521
658047
557580
411381
584438
418849
271754
817794
661798
298916
718046
469796
1026826
683192
803027
120016
165688
1131429
1217660
1172484
312770
941984
1213066
15143
1124801
1214395
1179300
755608
726918
146987
692238
1139284
582240
28836
1058025
52581
1203099
1113643
675218
835992
70615
572731
201333
594308
445173
460947
402624
119250
833617
1098379
9719
1158885
644226
371413
748947
1189522
471619
420633
58333
442433
559532
531557
694944
206914
795064
855538
956346
439493
962559
4030
851286
358974
1008638
569297
1198508
806676
543769
579901
453952
18454
13012
965307
772359
1041907
178885
1084392
182469
739354
731376
692120
1033829
669314
382340
217264
255750
665729
1156550
218852
572212
1200267
1071367
624004
135478
199530
809315
1223874
1223187
245887
344705
1207648
1123051
1159954
1083292
644493
827051
703301
132022
1016872
453333
1097083
833305
724216
856579
525810
498924
647693
1037459
448705
118293
457990
1133888
852793
692328
281639
85365
1017456
544065
757594
767053
436589
595468
359617
639723
569235
378007
850203
819986
1221561
378910
464048
1077395
754627
998796
324811
893798
198262
614588
918798
1081285
972641
505923
767551
656858
400067
574201
998381
816472
1094829
286826
451681
258794
8268
576898
166512
264184
425979
290030
657800
28561
127521
902494
186490
1160016
461345
898931
407982
975775
425934
167068
860422
857317
30247
154371
870566
7314
651796
675477
197653
256978
523285
522952
768924
687396
666634
1218276
681947
269229
261814
768740
616015
997326
955336
19074
755424
57538
1199103
39922
672922
285952
7967
441531
414655
379003
369196
190606
1215280
852590
538036
899271
276965
1150770
1157158
182165
3578
529189
410360
562663
831900
445610
1148268
956755
341943
841493
575133
150115
880688
93762
847905
465196
846785
204192
327725
94968
272806
395369
577955
911914
197629
888687
1223729
873087
577571
324631
1061600
129488
835925
1211777
846798
538999
439782
37255
211498
310846
444159
506478
179741
885700
1036278
730315
1028475
274742
653312
123043
811481
319187
204550
472467
970415
93108
21297
890788
787482
1094750
350296
401395
61490
421679
335537
572837
1212852
296942
434454
28641
962530
20168
359056
168327
58484
960704
948113
870792
1144940
1184629
90376
1055054
10543
1209892
175426
713534
956920
99117
676893
54141
574627
669566
1192291
261676
976723
479387
849986
180413
943110
994822
1145307
997081
831383
245490
66296
472957
408953
1141676
138371
630284
631730
523681
967106
109154
690936
793863
939865
737880
538542
849281
735926
412724
1126590
1176032
1015608
67052
357174
1214761
269195
711987
842026
285870
1032060
227000
14026
967840
865774
577987
207632
176488
1204374
1232391
250586
1223297
830048
1202116
477374
1174447
972029
57582
571993
702049
74729
394437
1029742
677408
1099102
422148
160558
1082563
880760
200344
374740
901593
993127
587128
230281
772836
527128
164159
968794
483677
1172804
962216
65633
433520
120909
1040346
449071
871433
908529
977776
1123810
256858
419345
181683
254170
783114
13980
881237
931857
657857
467585
165318
475717
1036125
958561
908618
785497
972056
862815
342893
666818
16174
436944
249126
1031403
657281
642764
287400
569318
213424
690721
786755
1203303
421419
212167
523018
1145408
911760
203209
393685
131771
1067720
115052
420200
118539
1069899
1093174
748324
986884
261557
1184353
491234
529518
1202944
417060
92060
980626
411368
1174306
1102310
1018879
598728
764879
1043197
370226
456961
272973
909814
585515
979992
710423
333413
834509
925806
171154
1196943
146263
949711
932571
196191
268240
58753
1010088
5367
637810
272209
822645
370881
595241
1120521
781714
83476
774153
997209
324814
426073
775081
93709
856572
674380
645430
208046
113623
1039305
1222472
631784
123048
501357
841568
823569
1121407
283284
530886
717305
1170738
331655
43790
211600
284592
1097854
963588
618151
164495
682492
675099
259523
594793
926386
539658
487502
313993
911632
480520
18649
406592
813481
1073495
1161981
601135
1132168
1126534
95544
526962
1040440
945185
139280
628524
837882
255541
172751
979580
351664
65677
798455
564164
196730
114853
93025
1189242
1083366
213807
881767
85132
851143
1201578
745845
908234
82719
333104
1102056
311895
118080
555219
421692
1036528
920905
1094042
225330
550478
862192
313323
444911
833385
338878
1191120
693207
345789
212771
524460
1014621
819838
167967
817515
1100294
564200
48238
368961
846632
1024874
1002332
1108455
728885
519892
1123629
1084441
226646
421406
429839
208939
919325
339719
419144
1031560
529011
885429
771892
83221
268925
643515
210855
30607
1175133
953557
312411
926720
1232162
151981
263
335847
801134
136474
822166
1135921
387403
497278
832257
120594
44567
600781
667671
102148
1233101
1144475
1025955
208253
599635
1204769
788352
393224
35944
1086342
994620
803389
731045
964684
643527
714539
346076
321396
74688
99084
1065050
74207
368060
66148
204928
562060
1187714
902233
435391
1112211
791892
244353
1030480
622721
352023
1171586
723648
191351
75626
254483
84745
488619
1095806
131308
104983
988178
790068
358999
516654
415580
241299
615744
303036
1029386
17842
1146321
239998
656216
569266
1230482
231391
649635
656747
601088
406124
738628
1003225
591215
276647
244601
422727
1006678
298149
1144313
894331
585970
1215083
843597
569617
149417
629419
223634
830431
708003
1223921
410498
641669
610810
151423
1035379
556968
562244
477093
1139738
823317
265089
878186
1209773
481336
879717
713068
330193
780820
940799
167119
725136
985046
1176048
1033743
595516
991962
433906
161545
319776
1049110
398015
16356
588428
748734
1039238
9864
848083
460642
222934
1040885
969173
535609
1000898
1109835
569026
602102
7971
565957
1085632
813468
930230
223249
1091701
548659
643994
632378
829899
552035
89704
647702
556443
17416
502166
234466
1173486
1158597
900311
1059329
1062256
883989
732253
1012634
0
