1000
-21
-53
3
-64
-41
-19
-70
-26
94
-26
15
-62
-80
24
-22
58
-14
-73
23
-81
46
-57
-95
-16
-3
52
52
-58
-68
-23
41
-39
56
40
-96
-88
-52
91
36
-30
-58
-37
95
-96
74
-36
90
61
-14
39
42
-96
97
42
71
-91
-49
-71
-34
-59
62
91
-98
96
87
43
76
-63
-49
71
-36
4
75
-97
-6
-45
9
-78
81
43
46
-85
76
-67
-47
89
65
68
-26
-79
-3
-66
62
-31
35
-47
-19
33
9
-62
-29
45
30
-37
75
13
41
-4
-58
-88
24
13
-2
89
70
-91
61
13
0
-52
-38
79
65
-50
-3
45
-31
-43
-42
87
7
81
-84
72
-89
35
-43
10
5
73
-4
0
50
43
81
-23
28
84
1
-62
62
4
47
-13
93
-68
-84
-78
7
63
-84
31
88
-47
3
48
17
59
-80
-75
-18
37
-81
-81
-21
1
-19
56
64
29
53
100
-17
33
-54
-86
-82
-17
34
23
-52
-83
47
-44
-57
-95
-72
60
58
39
53
19
-11
-33
69
-100
-30
-22
-4
62
23
-2
-83
64
12
-55
13
-89
49
-68
80
85
-51
-100
99
69
50
-77
82
58
62
-62
71
-19
-59
-10
46
-6
-73
-26
-22
-73
75
-24
19
69
-7
32
36
-74
-75
-48
5
-11
-97
-2
-31
98
70
-34
-99
-65
40
63
35
57
35
28
87
-73
-76
8
64
-94
10
25
5
-22
-83
-65
-9
-21
61
-29
-79
95
-100
27
-95
-34
95
-30
-80
-35
-52
-77
46
32
-73
3
-50
-85
98
78
48
-32
-32
75
93
-87
-39
51
74
-50
75
-52
94
-98
6
44
-47
-20
78
-28
72
39
-99
-55
16
67
64
6
52
29
45
-23
7
72
83
-77
-66
-59
29
-29
-25
68
10
84
15
-51
27
80
-70
87
-91
-26
-78
-93
79
-44
-97
44
-36
96
-76
10
-33
-46
4
-28
-32
73
33
-86
-31
-19
25
-32
-85
16
75
-43
74
53
0
31
51
51
-3
-73
41
-80
-80
60
91
90
-77
98
22
26
-1
-86
84
-3
-86
79
-34
25
97
86
74
-21
56
-58
65
-94
-41
-6
-26
-55
49
85
61
-67
-30
-7
-76
-16
-51
12
22
-34
96
-22
-4
-87
58
-99
-4
-39
-71
-15
-93
65
10
92
-34
23
39
72
19
-13
43
-31
-20
54
90
-28
-54
-10
-77
75
93
59
-79
-85
94
-45
66
34
-8
13
90
-99
-19
2
-76
-52
-55
68
46
1
-43
-54
-86
-1
-39
81
15
-46
-81
-82
-65
-35
30
-2
35
-12
53
-34
-82
66
-26
37
-62
-29
-38
41
63
-49
56
-43
-74
-66
7
-6
44
-90
61
-20
35
-15
8
39
-94
-75
-54
72
-29
2
41
-94
-51
79
84
50
32
3
23
-7
-89
-49
-80
84
-60
50
-75
95
31
84
41
83
62
-64
2
41
52
53
-8
32
-7
99
79
42
-99
23
19
71
32
-67
-70
0
69
50
27
-25
37
65
54
-63
-62
-86
-46
-21
-75
7
-44
87
91
-67
68
36
-76
74
18
57
-30
-35
50
-88
45
-79
-43
-48
98
-36
-64
-50
20
-65
-54
-71
-17
56
98
-15
30
65
8
86
98
-18
-38
38
52
55
-26
71
-20
-92
-4
56
64
-35
-38
73
-19
-63
51
48
-42
17
-72
-8
-90
42
73
27
-45
43
-61
-23
-80
65
96
24
-82
-50
-92
-72
-2
-56
89
76
1
27
28
-3
10
-37
26
81
60
92
-49
-70
77
-98
-44
73
-24
-73
78
76
-81
85
86
-44
48
-8
-15
90
-77
-83
-23
23
42
-52
-95
25
-10
-59
55
-81
100
69
24
-83
11
-22
30
-3
84
-26
-2
56
40
59
-26
1
81
86
70
69
-40
7
-85
-16
89
-23
-16
-94
-4
93
-19
3
80
-42
58
46
-94
-69
21
93
-92
-82
53
-82
-73
-91
89
81
-19
-49
-90
97
6
54
48
-64
52
-32
-53
58
30
-88
-93
15
28
58
62
67
10
-36
36
23
-69
7
-18
-9
100
-16
-74
-2
-29
12
9
-23
50
-45
59
-40
70
-71
63
80
-26
92
81
-75
100
53
23
-4
-49
58
70
-71
22
-5
67
19
-29
-31
-12
-79
-50
-17
4
100
77
38
17
84
-48
25
22
-76
86
-93
35
4
22
-35
-12
30
2
-14
17
68
83
29
9
-94
82
0
44
12
83
-89
-47
-99
87
55
-97
-92
-57
-21
69
-91
-21
30
7
-45
34
44
15
78
18
78
96
74
48
-61
96
20
14
48
-67
-88
-37
60
55
-59
33
-48
-55
77
-62
-9
18
-17
4
-79
-55
-51
-2
40
-3
-85
50
-53
16
46
27
75
64
-10
-40
-98
57
-28
-47
9
-51
15
-30
-30
33
-46
-49
57
-34
-26
55
-56
-80
35
-49
58
27
77
-73
37
4
-38
-34
-91
-2
98
-57
63
-93
68
-57
83
53
62
-91
27
81
-17
71
30
-4
-47
91
-63
-86
-6
55
68
6
-99
71
48
25
-58
-65
-82
93
35
28
-37
31
-7
15
18
-59
28
-59
59
51
-35
-6
-70
-37
98
38
-51
69
-98
50
73
33
16
81
-5
97
-97
